% [x y w h]
Xminus = [
    5 0.5 1 1.5
    5.875 0.40625 0.125 0.09375
    5.75 0.40625 0.125 0.09375
    5.625 0.40625 0.125 0.09375
    5.5 0.40625 0.125 0.09375
    5.375 0.40625 0.125 0.09375
    5.25 0.40625 0.125 0.09375
    5.125 0.40625 0.125 0.09375
    5 0.40625 0.125 0.09375
    4 0.5 1 1.5
    4.875 0.40625 0.125 0.09375
    4.75 0.3125 0.125 0.1875
    4.5 0.3125 0.25 0.1875
    4.25 0.3125 0.25 0.1875
    4 0.3125 0.25 0.1875
];

Xplus = [
    6.9375 1.90625 0.0625 0.09375
6.875 1.90625 0.0625 0.09375
6.9375 1.8125 0.0625 0.09375
6.875 1.8125 0.0625 0.09375
6.8125 1.90625 0.0625 0.09375
6.75 1.90625 0.0625 0.09375
6.8125 1.8125 0.0625 0.09375
6.75 1.8125 0.0625 0.09375
6.9375 1.71875 0.0625 0.09375
6.875 1.71875 0.0625 0.09375
6.9375 1.625 0.0625 0.09375
6.875 1.625 0.0625 0.09375
6.8125 1.71875 0.0625 0.09375
6.75 1.71875 0.0625 0.09375
6.8125 1.625 0.0625 0.09375
6.75 1.625 0.0625 0.09375
6.6875 1.90625 0.0625 0.09375
6.625 1.90625 0.0625 0.09375
6.6875 1.8125 0.0625 0.09375
6.625 1.8125 0.0625 0.09375
6.5625 1.90625 0.0625 0.09375
6.5 1.90625 0.0625 0.09375
6.5625 1.8125 0.0625 0.09375
6.5 1.8125 0.0625 0.09375
6.6875 1.71875 0.0625 0.09375
6.625 1.71875 0.0625 0.09375
6.6875 1.625 0.0625 0.09375
6.625 1.625 0.0625 0.09375
6.5625 1.71875 0.0625 0.09375
6.5 1.71875 0.0625 0.09375
6.5625 1.625 0.0625 0.09375
6.5 1.625 0.0625 0.09375
6.9375 1.53125 0.0625 0.09375
6.875 1.53125 0.0625 0.09375
6.9375 1.4375 0.0625 0.09375
6.875 1.4375 0.0625 0.09375
6.8125 1.53125 0.0625 0.09375
6.75 1.53125 0.0625 0.09375
6.8125 1.4375 0.0625 0.09375
6.75 1.4375 0.0625 0.09375
6.9375 1.34375 0.0625 0.09375
6.875 1.34375 0.0625 0.09375
6.9375 1.25 0.0625 0.09375
6.875 1.25 0.0625 0.09375
6.8125 1.34375 0.0625 0.09375
6.75 1.34375 0.0625 0.09375
6.8125 1.25 0.0625 0.09375
6.75 1.25 0.0625 0.09375
6.6875 1.53125 0.0625 0.09375
6.625 1.53125 0.0625 0.09375
6.6875 1.4375 0.0625 0.09375
6.625 1.4375 0.0625 0.09375
6.5625 1.53125 0.0625 0.09375
6.5 1.53125 0.0625 0.09375
6.5625 1.4375 0.0625 0.09375
6.5 1.4375 0.0625 0.09375
6.6875 1.34375 0.0625 0.09375
6.625 1.34375 0.0625 0.09375
6.6875 1.25 0.0625 0.09375
6.625 1.25 0.0625 0.09375
6.5625 1.34375 0.0625 0.09375
6.5 1.34375 0.0625 0.09375
6.5625 1.25 0.0625 0.09375
6.5 1.25 0.0625 0.09375
6.4375 1.90625 0.0625 0.09375
6.375 1.90625 0.0625 0.09375
6.4375 1.8125 0.0625 0.09375
6.375 1.8125 0.0625 0.09375
6.3125 1.90625 0.0625 0.09375
6.25 1.90625 0.0625 0.09375
6.3125 1.8125 0.0625 0.09375
6.25 1.8125 0.0625 0.09375
6.4375 1.71875 0.0625 0.09375
6.375 1.71875 0.0625 0.09375
6.4375 1.625 0.0625 0.09375
6.375 1.625 0.0625 0.09375
6.3125 1.71875 0.0625 0.09375
6.25 1.71875 0.0625 0.09375
6.3125 1.625 0.0625 0.09375
6.25 1.625 0.0625 0.09375
6.1875 1.90625 0.0625 0.09375
6.125 1.90625 0.0625 0.09375
6.1875 1.8125 0.0625 0.09375
6.125 1.8125 0.0625 0.09375
6.0625 1.90625 0.0625 0.09375
6 1.90625 0.0625 0.09375
6.0625 1.8125 0.0625 0.09375
6 1.8125 0.0625 0.09375
6.1875 1.71875 0.0625 0.09375
6.125 1.71875 0.0625 0.09375
6.1875 1.625 0.0625 0.09375
6.125 1.625 0.0625 0.09375
6.0625 1.71875 0.0625 0.09375
6 1.71875 0.0625 0.09375
6.0625 1.625 0.0625 0.09375
6 1.625 0.0625 0.09375
6.4375 1.53125 0.0625 0.09375
6.375 1.53125 0.0625 0.09375
6.4375 1.4375 0.0625 0.09375
6.375 1.4375 0.0625 0.09375
6.3125 1.53125 0.0625 0.09375
6.25 1.53125 0.0625 0.09375
6.3125 1.4375 0.0625 0.09375
6.25 1.4375 0.0625 0.09375
6.4375 1.34375 0.0625 0.09375
6.375 1.34375 0.0625 0.09375
6.4375 1.25 0.0625 0.09375
6.375 1.25 0.0625 0.09375
6.3125 1.34375 0.0625 0.09375
6.25 1.34375 0.0625 0.09375
6.3125 1.25 0.0625 0.09375
6.25 1.25 0.0625 0.09375
6.1875 1.53125 0.0625 0.09375
6.125 1.53125 0.0625 0.09375
6.1875 1.4375 0.0625 0.09375
6.125 1.4375 0.0625 0.09375
6.0625 1.53125 0.0625 0.09375
6 1.53125 0.0625 0.09375
6.0625 1.4375 0.0625 0.09375
6 1.4375 0.0625 0.09375
6.1875 1.34375 0.0625 0.09375
6.125 1.34375 0.0625 0.09375
6.1875 1.25 0.0625 0.09375
6.125 1.25 0.0625 0.09375
6.0625 1.34375 0.0625 0.09375
6 1.34375 0.0625 0.09375
6.0625 1.25 0.0625 0.09375
6 1.25 0.0625 0.09375
6.9375 1.15625 0.0625 0.09375
6.875 1.15625 0.0625 0.09375
6.9375 1.0625 0.0625 0.09375
6.875 1.0625 0.0625 0.09375
6.8125 1.15625 0.0625 0.09375
6.75 1.15625 0.0625 0.09375
6.8125 1.0625 0.0625 0.09375
6.75 1.0625 0.0625 0.09375
6.9375 0.96875 0.0625 0.09375
6.875 0.96875 0.0625 0.09375
6.9375 0.875 0.0625 0.09375
6.875 0.875 0.0625 0.09375
6.8125 0.96875 0.0625 0.09375
6.75 0.96875 0.0625 0.09375
6.8125 0.875 0.0625 0.09375
6.75 0.875 0.0625 0.09375
6.6875 1.15625 0.0625 0.09375
6.625 1.15625 0.0625 0.09375
6.6875 1.0625 0.0625 0.09375
6.625 1.0625 0.0625 0.09375
6.5625 1.15625 0.0625 0.09375
6.5 1.15625 0.0625 0.09375
6.5625 1.0625 0.0625 0.09375
6.5 1.0625 0.0625 0.09375
6.6875 0.96875 0.0625 0.09375
6.625 0.96875 0.0625 0.09375
6.6875 0.875 0.0625 0.09375
6.625 0.875 0.0625 0.09375
6.5625 0.96875 0.0625 0.09375
6.5 0.96875 0.0625 0.09375
6.5625 0.875 0.0625 0.09375
6.5 0.875 0.0625 0.09375
6.9375 0.78125 0.0625 0.09375
6.875 0.78125 0.0625 0.09375
6.9375 0.6875 0.0625 0.09375
6.875 0.6875 0.0625 0.09375
6.8125 0.78125 0.0625 0.09375
6.75 0.78125 0.0625 0.09375
6.8125 0.6875 0.0625 0.09375
6.75 0.6875 0.0625 0.09375
6.9375 0.59375 0.0625 0.09375
6.875 0.59375 0.0625 0.09375
6.9375 0.5 0.0625 0.09375
6.875 0.5 0.0625 0.09375
6.8125 0.59375 0.0625 0.09375
6.75 0.59375 0.0625 0.09375
6.8125 0.5 0.0625 0.09375
6.75 0.5 0.0625 0.09375
6.6875 0.78125 0.0625 0.09375
6.625 0.78125 0.0625 0.09375
6.6875 0.6875 0.0625 0.09375
6.625 0.6875 0.0625 0.09375
6.5625 0.78125 0.0625 0.09375
6.5 0.78125 0.0625 0.09375
6.5625 0.6875 0.0625 0.09375
6.5 0.6875 0.0625 0.09375
6.6875 0.59375 0.0625 0.09375
6.625 0.59375 0.0625 0.09375
6.6875 0.5 0.0625 0.09375
6.625 0.5 0.0625 0.09375
6.5625 0.59375 0.0625 0.09375
6.5 0.59375 0.0625 0.09375
6.5625 0.5 0.0625 0.09375
6.5 0.5 0.0625 0.09375
6.4375 1.15625 0.0625 0.09375
6.375 1.15625 0.0625 0.09375
6.4375 1.0625 0.0625 0.09375
6.375 1.0625 0.0625 0.09375
6.3125 1.15625 0.0625 0.09375
6.25 1.15625 0.0625 0.09375
6.3125 1.0625 0.0625 0.09375
6.25 1.0625 0.0625 0.09375
6.4375 0.96875 0.0625 0.09375
6.375 0.96875 0.0625 0.09375
6.4375 0.875 0.0625 0.09375
6.375 0.875 0.0625 0.09375
6.3125 0.96875 0.0625 0.09375
6.25 0.96875 0.0625 0.09375
6.3125 0.875 0.0625 0.09375
6.25 0.875 0.0625 0.09375
6.1875 1.15625 0.0625 0.09375
6.125 1.15625 0.0625 0.09375
6.1875 1.0625 0.0625 0.09375
6.125 1.0625 0.0625 0.09375
6.0625 1.15625 0.0625 0.09375
6 1.15625 0.0625 0.09375
6.0625 1.0625 0.0625 0.09375
6 1.0625 0.0625 0.09375
6.1875 0.96875 0.0625 0.09375
6.125 0.96875 0.0625 0.09375
6.1875 0.875 0.0625 0.09375
6.125 0.875 0.0625 0.09375
6.0625 0.96875 0.0625 0.09375
6 0.96875 0.0625 0.09375
6.0625 0.875 0.0625 0.09375
6 0.875 0.0625 0.09375
6.4375 0.78125 0.0625 0.09375
6.375 0.78125 0.0625 0.09375
6.4375 0.6875 0.0625 0.09375
6.375 0.6875 0.0625 0.09375
6.3125 0.78125 0.0625 0.09375
6.25 0.78125 0.0625 0.09375
6.3125 0.6875 0.0625 0.09375
6.25 0.6875 0.0625 0.09375
6.4375 0.59375 0.0625 0.09375
6.375 0.59375 0.0625 0.09375
6.4375 0.5 0.0625 0.09375
6.375 0.5 0.0625 0.09375
6.3125 0.59375 0.0625 0.09375
6.25 0.59375 0.0625 0.09375
6.3125 0.5 0.0625 0.09375
6.25 0.5 0.0625 0.09375
6.1875 0.78125 0.0625 0.09375
6.125 0.78125 0.0625 0.09375
6.1875 0.6875 0.0625 0.09375
6.125 0.6875 0.0625 0.09375
6.0625 0.78125 0.0625 0.09375
6 0.78125 0.0625 0.09375
6.0625 0.6875 0.0625 0.09375
6 0.6875 0.0625 0.09375
6.1875 0.59375 0.0625 0.09375
6.125 0.59375 0.0625 0.09375
6.1875 0.5 0.0625 0.09375
6.125 0.5 0.0625 0.09375
6.0625 0.59375 0.0625 0.09375
6 0.59375 0.0625 0.09375
6.0625 0.5 0.0625 0.09375
6 0.5 0.0625 0.09375
5 0.5 1 1.5
6.9375 0.40625 0.0625 0.09375
6.875 0.40625 0.0625 0.09375
6.9375 0.3125 0.0625 0.09375
6.875 0.3125 0.0625 0.09375
6.8125 0.40625 0.0625 0.09375
6.75 0.40625 0.0625 0.09375
6.8125 0.3125 0.0625 0.09375
6.75 0.3125 0.0625 0.09375
6.9375 0.21875 0.0625 0.09375
6.875 0.21875 0.0625 0.09375
6.9375 0.125 0.0625 0.09375
